 1ƒCOMMON LA PARTS         , 1068 1, 1053 1, 1054 1, 1055 1, 1078 1, 1057 1, 1077 2, 1079 1, 1080 2, 1066 1, 1067 2, 1941 1| 5ƒCOMMON PTS LA #2        , 2026 1, 1069 1, 1073 1, 1074 1, 1075 1, 1076 2, 2451 2, 1088 1, 2380 2, 1081 1, 1157 1
 2ƒCOMMON ELEC MELTER PTS  , 1142 1, 3531 1, 1115 2, 1116 2, 1122 9, 1123 2
 3ƒPRO POT PARTS           , 1135 1, 1143 1, 1097 1, 1098 1, 1121 2, 1107 1, 1119 1, 1120 1, 3941 1, 3988 1| 2ƒCOMMON ELEC MELTER PTS  , 1142 1, 3531 1, 1115 2, 1116 2, 1122 9, 1123 2
 4ƒLM BIN PARTS            , 2298 1, 1985 1, 3095 1, 3057 1, 1528 1, 1927 1, 1716 1, 1171 2| 20ƒLOADMASTER PARTS 1      , 3241 1, 3242 1, 3243 1, 3244 1, 3335 1, 3246 4, 3259 1, 3248 4, 3265 4, 1526 1, 3224 1, 3226 1, 3223 1, 3225 1, 3260 1, 3232 2, 3236 1, 3238 1, 3231 1, 3649 1| 21ƒLOADMASTER PARTS 2      , 3239 1, 1851 1, 3263 4, 3256 1, 3229 2, 1371 5, 2115 1, 3261 1, 3208 1, 3235 1, 2447 1, 3262 1, 3230 1, 3233 1, 3237 1, 1994 1, 1528 1, 3336 1, 3043 1, 3228 1| 18ƒLOADMASTER PARTS 3      , 3070 1, 2451 1, 1362 1, 3951 1, 3942 1, 4027 2, 4026 1, 4028 4, 4032 1, 3560 1, 1711 1, 3952 1
 5ƒCOMMON PTS LA #2        , 2026 1, 1069 1, 1073 1, 1074 1, 1075 1, 1076 2, 2451 2, 1088 1, 2380 2, 1081 1, 1157 1
 6ƒBLC BP KIT              
 7ƒBL BP KIT 2             
 8ƒTPK PARTS 1985          , 2151 1, 2155 1, 1568 1, 2370 1, 2299 1, 2153 3, 2152 3, 2168 1| 65ƒT/P PARTS               , 2117 2, 2119 1, 2120 1, 2121 2, 2123 1, 2124 1, 2853 2, 2129 1, 1181 2, 2131 1, 3609 1, 2106 3, 2067 1| 90ƒTURRET PRESS            , 1087 1, 3662 1, 3613 1, 2166 1, 3308 3
 9ƒPRECISION MELTER PARTS  , 1107 1, 1129 1, 1138 1, 1077 1, 1135 1| 2ƒCOMMON ELEC MELTER PTS  , 1142 1, 3531 1, 1115 2, 1116 2, 1122 9, 1123 2
 10ƒRIFLE CHG DIE STRNG     , 1253 1, 3320 1, 2168 1, 1489 1, 2299 1, 2153 1, 2152 1, 2300 1, 3251 1| 13ƒLM LG CASE FEED PARTS   , 1947 1, 1770 1, 2453 1, 2242 1, 2457 1, 2458 4, 1994 3, 3290 1, 3328 4, 3258 1, 2151 1, 2155 1, 3227 1, 2154 1, 3057 1| 4ƒLM BIN PARTS            , 2298 1, 1985 1, 3095 1, 3057 1, 1528 1, 1927 1, 1716 1, 1171 2| 20ƒLOADMASTER PARTS 1      , 3241 1, 3242 1, 3243 1, 3244 1, 3335 1, 3246 4, 3259 1, 3248 4, 3265 4, 1526 1, 3224 1, 3226 1, 3223 1, 3225 1, 3260 1, 3232 2, 3236 1, 3238 1, 3231 1, 3649 1| 21ƒLOADMASTER PARTS 2      , 3239 1, 1851 1, 3263 4, 3256 1, 3229 2, 1371 5, 2115 1, 3261 1, 3208 1, 3235 1, 2447 1, 3262 1, 3230 1, 3233 1, 3237 1, 1994 1, 1528 1, 3336 1, 3043 1, 3228 1| 18ƒLOADMASTER PARTS 3      , 3070 1, 2451 1, 1362 1, 3951 1, 3942 1, 4027 2, 4026 1, 4028 4, 4032 1, 3560 1, 1711 1, 3952 1
 11ƒAUTO BENCH PRIME        , 1828 2, 1871 2, 1994 2, 2959 2
 12ƒEMPTY                   
 13ƒLM LG CASE FEED PARTS   , 1947 1, 1770 1, 2453 1, 2242 1, 2457 1, 2458 4, 1994 3, 3290 1, 3328 4, 3258 1, 2151 1, 2155 1, 3227 1, 2154 1, 3057 1| 4ƒLM BIN PARTS            , 2298 1, 1985 1, 3095 1, 3057 1, 1528 1, 1927 1, 1716 1, 1171 2| 20ƒLOADMASTER PARTS 1      , 3241 1, 3242 1, 3243 1, 3244 1, 3335 1, 3246 4, 3259 1, 3248 4, 3265 4, 1526 1, 3224 1, 3226 1, 3223 1, 3225 1, 3260 1, 3232 2, 3236 1, 3238 1, 3231 1, 3649 1| 21ƒLOADMASTER PARTS 2      , 3239 1, 1851 1, 3263 4, 3256 1, 3229 2, 1371 5, 2115 1, 3261 1, 3208 1, 3235 1, 2447 1, 3262 1, 3230 1, 3233 1, 3237 1, 1994 1, 1528 1, 3336 1, 3043 1, 3228 1| 18ƒLOADMASTER PARTS 3      , 3070 1, 2451 1, 1362 1, 3951 1, 3942 1, 4027 2, 4026 1, 4028 4, 4032 1, 3560 1, 1711 1, 3952 1
 14ƒPRO 38ACP DIE SET       , 2151 1, 2153 3, 2155 1, 2513 1, 2514 1, 2516 1, 1186 1, 2167 1, 2512 1, 2281 1| 39ƒPRO CARRIER PARTS SMALL , 3057 1, 2432 1, 2434 1, 2442 2, 2431 1, 2433 1, 2435 1, 2439 1, 2437 1, 2446 1| 40ƒPRO CARRIER PARTS 2     , 2368 3, 2164 1, 1770 2, 2479 1, 2443 4, 2117 1, 2139 1, 2448 2, 3095 1, 2495 1, 2548 1, 2549 1, 2675 1, 1162 1, 1781 2| 41ƒPRO CASE FEEDER PARTS   , 1947 1, 2452 1, 2454 1, 2242 1, 2458 4, 2451 1, 2453 1, 2455 1, 2457 1, 1994 3, 2550 1, 1940 1, 3970 1| 36ƒPRO AUTO DISK PARTS     , 1688 1, 3398 1, 1171 1, 1210 1, 3285 1, 2658 1, 2949 1, 1173 1, 1172 1, 2307 1, 2310 1, 3407 2, 1449 1, 3405 1, 3396 1, 1509 1, 2749 1, 2112 1, 3397 2, 2311 1| 26ƒPRO 1000 PARTS          , 2853 2, 3613 1, 2114 1, 2115 1, 2886 2, 2126 1, 3221 1, 2129 1, 1181 2, 3609 1, 2113 1, 2462 1, 2438 1, 2463 1| 75ƒROLLER HANDLE PARTS     , 2166 1, 2419 1, 2650 1, 1548 3, 3662 1| 79ƒPRO PARTS               , 3642 1, 3981 1, 3975 1, 3643 1, 3657 1, 4193 1, 1087 1, 1729 1, 2074 1, 2093 2, 2429 1, 3707 1, 3064 1, 3127 1
 15ƒLMPROADPARTS            , 3396 1, 1509 1, 2749 1, 2112 1, 3397 2, 1528 1, 3057 1, 3970 1, 3657 1| 20ƒLOADMASTER PARTS 1      , 3241 1, 3242 1, 3243 1, 3244 1, 3335 1, 3246 4, 3259 1, 3248 4, 3265 4, 1526 1, 3224 1, 3226 1, 3223 1, 3225 1, 3260 1, 3232 2, 3236 1, 3238 1, 3231 1, 3649 1| 21ƒLOADMASTER PARTS 2      , 3239 1, 1851 1, 3263 4, 3256 1, 3229 2, 1371 5, 2115 1, 3261 1, 3208 1, 3235 1, 2447 1, 3262 1, 3230 1, 3233 1, 3237 1, 1994 1, 1528 1, 3336 1, 3043 1, 3228 1| 18ƒLOADMASTER PARTS 3      , 3070 1, 2451 1, 1362 1, 3951 1, 3942 1, 4027 2, 4026 1, 4028 4, 4032 1, 3560 1, 1711 1, 3952 1
 16ƒ220V 20LB POT PARTS 1   , 1122 4, 2063 1, 4161 1, 3480 1| 47ƒPRO 20LB COMMON PARTS   , 3426 1, 3531 1, 3428 1, 3432 2, 3433 1, 3434 1, 1120 1, 3444 2, 3451 1, 3464 1, 3463 1, 1122 9, 3469 1, 1129 1, 1135 1, 1115 2, 1116 2, 3988 1, 2754 1, 3455 1
 17ƒMAGNUM MELTER PARTS     , 1122 7, 3469 1, 1129 1, 1135 1, 1115 2, 1116 2, 2753 2, 3531 1, 3445 1
 18ƒLOADMASTER PARTS 3      , 3070 1, 2451 1, 1362 1, 3951 1, 3942 1, 4027 2, 4026 1, 4028 4, 4032 1, 3560 1, 1711 1, 3952 1
 19ƒPRO 10MM AUTO DIE SET   , 2151 1, 2033 1, 2155 1, 2031 1, 2167 1, 2153 3, 2282 1, 2039 1, 2076 1, 2043 1| 42ƒPRO CARRIER PARTS LARGE , 3057 1, 2432 1, 2434 1, 2442 2, 2431 1, 2433 1, 2435 1, 2439 1, 2436 1, 2446 1| 40ƒPRO CARRIER PARTS 2     , 2368 3, 2164 1, 1770 2, 2479 1, 2443 4, 2117 1, 2139 1, 2448 2, 3095 1, 2495 1, 2548 1, 2549 1, 2675 1, 1162 1, 1781 2| 41ƒPRO CASE FEEDER PARTS   , 1947 1, 2452 1, 2454 1, 2242 1, 2458 4, 2451 1, 2453 1, 2455 1, 2457 1, 1994 3, 2550 1, 1940 1, 3970 1| 36ƒPRO AUTO DISK PARTS     , 1688 1, 3398 1, 1171 1, 1210 1, 3285 1, 2658 1, 2949 1, 1173 1, 1172 1, 2307 1, 2310 1, 3407 2, 1449 1, 3405 1, 3396 1, 1509 1, 2749 1, 2112 1, 3397 2, 2311 1| 26ƒPRO 1000 PARTS          , 2853 2, 3613 1, 2114 1, 2115 1, 2886 2, 2126 1, 3221 1, 2129 1, 1181 2, 3609 1, 2113 1, 2462 1, 2438 1, 2463 1| 75ƒROLLER HANDLE PARTS     , 2166 1, 2419 1, 2650 1, 1548 3, 3662 1| 79ƒPRO PARTS               , 3642 1, 3981 1, 3975 1, 3643 1, 3657 1, 4193 1, 1087 1, 1729 1, 2074 1, 2093 2, 2429 1, 3707 1, 3064 1, 3127 1
 20ƒLOADMASTER PARTS 1      , 3241 1, 3242 1, 3243 1, 3244 1, 3335 1, 3246 4, 3259 1, 3248 4, 3265 4, 1526 1, 3224 1, 3226 1, 3223 1, 3225 1, 3260 1, 3232 2, 3236 1, 3238 1, 3231 1, 3649 1| 21ƒLOADMASTER PARTS 2      , 3239 1, 1851 1, 3263 4, 3256 1, 3229 2, 1371 5, 2115 1, 3261 1, 3208 1, 3235 1, 2447 1, 3262 1, 3230 1, 3233 1, 3237 1, 1994 1, 1528 1, 3336 1, 3043 1, 3228 1| 18ƒLOADMASTER PARTS 3      , 3070 1, 2451 1, 1362 1, 3951 1, 3942 1, 4027 2, 4026 1, 4028 4, 4032 1, 3560 1, 1711 1, 3952 1
 21ƒLOADMASTER PARTS 2      , 3239 1, 1851 1, 3263 4, 3256 1, 3229 2, 1371 5, 2115 1, 3261 1, 3208 1, 3235 1, 2447 1, 3262 1, 3230 1, 3233 1, 3237 1, 1994 1, 1528 1, 3336 1, 3043 1, 3228 1| 18ƒLOADMASTER PARTS 3      , 3070 1, 2451 1, 1362 1, 3951 1, 3942 1, 4027 2, 4026 1, 4028 4, 4032 1, 3560 1, 1711 1, 3952 1
 22ƒAUTO DRUM PARTS         , 2111 1, 3343 1, 3257 1, 2974 1, 3041 1, 1646 1, 3059 1, 3062 1, 1643 1, 3093 1, 3405 1, 1449 1, 2949 1, 3025 1, 3866 1, 3281 1, 3310 1, 3970 1, 1652 1, 1653 1| 20ƒLOADMASTER PARTS 1      , 3241 1, 3242 1, 3243 1, 3244 1, 3335 1, 3246 4, 3259 1, 3248 4, 3265 4, 1526 1, 3224 1, 3226 1, 3223 1, 3225 1, 3260 1, 3232 2, 3236 1, 3238 1, 3231 1, 3649 1| 21ƒLOADMASTER PARTS 2      , 3239 1, 1851 1, 3263 4, 3256 1, 3229 2, 1371 5, 2115 1, 3261 1, 3208 1, 3235 1, 2447 1, 3262 1, 3230 1, 3233 1, 3237 1, 1994 1, 1528 1, 3336 1, 3043 1, 3228 1| 18ƒLOADMASTER PARTS 3      , 3070 1, 2451 1, 1362 1, 3951 1, 3942 1, 4027 2, 4026 1, 4028 4, 4032 1, 3560 1, 1711 1, 3952 1
 23ƒLM SM CASE FEED PARTS   , 1947 1, 2451 1, 2453 1, 2456 1, 2457 1, 2458 4, 1994 3, 3290 1, 3328 4, 3258 1, 3251 1, 1770 1, 3227 1, 3057 1| 4ƒLM BIN PARTS            , 2298 1, 1985 1, 3095 1, 3057 1, 1528 1, 1927 1, 1716 1, 1171 2| 20ƒLOADMASTER PARTS 1      , 3241 1, 3242 1, 3243 1, 3244 1, 3335 1, 3246 4, 3259 1, 3248 4, 3265 4, 1526 1, 3224 1, 3226 1, 3223 1, 3225 1, 3260 1, 3232 2, 3236 1, 3238 1, 3231 1, 3649 1| 21ƒLOADMASTER PARTS 2      , 3239 1, 1851 1, 3263 4, 3256 1, 3229 2, 1371 5, 2115 1, 3261 1, 3208 1, 3235 1, 2447 1, 3262 1, 3230 1, 3233 1, 3237 1, 1994 1, 1528 1, 3336 1, 3043 1, 3228 1| 18ƒLOADMASTER PARTS 3      , 3070 1, 2451 1, 1362 1, 3951 1, 3942 1, 4027 2, 4026 1, 4028 4, 4032 1, 3560 1, 1711 1, 3952 1
 24ƒPRO 380 DIE SET         , 2151 1, 2153 3, 2155 1, 2280 1, 2414 1, 2405 1, 1147 1, 2305 1, 2167 1, 2480 1| 35ƒAUTO-DRUM PM            , 2111 1, 3343 1, 3257 1, 2974 1, 3041 1, 3059 1, 3062 1, 1643 1, 3093 1, 3405 1, 1449 1, 2949 1, 3025 1, 3866 1, 3281 1, 3310 1, 3970 1, 1652 1, 1653 1| 56ƒAUTO-DRUM PARTS 2       , 1688 1, 1646 1, 2112 1, 2153 1, 2993 1| 66ƒPRO CARRIER PARTS SMALL , 2432 1, 2434 1, 2442 2, 2431 1, 2433 1, 2435 1, 2439 1, 2437 1, 2446 1| 61ƒPRO CARRIER PARTS 2     , 2368 3, 2164 1, 1770 2, 2479 1, 2443 4, 2117 2, 2139 1, 2448 2, 3095 1, 2495 1, 2548 1, 2549 1, 2675 1, 1162 1, 1781 2| 45ƒPRO CASE FEEDER PARTS   , 1947 1, 2452 1, 2454 1, 2242 1, 2458 4, 2451 1, 2453 1, 2455 1, 2457 1, 1994 3, 2550 1, 1940 1| 80ƒPRO 1000 PARTS          , 2853 2, 3613 1, 2886 2, 2114 1, 2115 1, 4193 1, 2126 1, 3221 1, 2129 1, 1181 2, 3609 1, 2113 1, 2462 1, 2438 1, 2463 1, 3642 1| 68ƒPRO 1000 PARTS 2        , 2166 1, 2419 1, 2650 1, 1729 1, 3662 1, 3975 1, 1087 1, 3981 1, 3643 1, 2074 1, 2093 2, 3057 1, 1548 3, 2429 1, 3707 1, 3064 1, 3127 1
 25ƒPRO 40S&W DIE SET       , 1372 1, 2951 1, 2151 1, 2155 1, 2952 1, 2167 1, 3038 1, 2144 1, 2043 1, 2153 3| 39ƒPRO CARRIER PARTS SMALL , 3057 1, 2432 1, 2434 1, 2442 2, 2431 1, 2433 1, 2435 1, 2439 1, 2437 1, 2446 1| 40ƒPRO CARRIER PARTS 2     , 2368 3, 2164 1, 1770 2, 2479 1, 2443 4, 2117 1, 2139 1, 2448 2, 3095 1, 2495 1, 2548 1, 2549 1, 2675 1, 1162 1, 1781 2| 41ƒPRO CASE FEEDER PARTS   , 1947 1, 2452 1, 2454 1, 2242 1, 2458 4, 2451 1, 2453 1, 2455 1, 2457 1, 1994 3, 2550 1, 1940 1, 3970 1| 36ƒPRO AUTO DISK PARTS     , 1688 1, 3398 1, 1171 1, 1210 1, 3285 1, 2658 1, 2949 1, 1173 1, 1172 1, 2307 1, 2310 1, 3407 2, 1449 1, 3405 1, 3396 1, 1509 1, 2749 1, 2112 1, 3397 2, 2311 1| 26ƒPRO 1000 PARTS          , 2853 2, 3613 1, 2114 1, 2115 1, 2886 2, 2126 1, 3221 1, 2129 1, 1181 2, 3609 1, 2113 1, 2462 1, 2438 1, 2463 1| 75ƒROLLER HANDLE PARTS     , 2166 1, 2419 1, 2650 1, 1548 3, 3662 1| 79ƒPRO PARTS               , 3642 1, 3981 1, 3975 1, 3643 1, 3657 1, 4193 1, 1087 1, 1729 1, 2074 1, 2093 2, 2429 1, 3707 1, 3064 1, 3127 1
 26ƒPRO 1000 PARTS          , 2853 2, 3613 1, 2114 1, 2115 1, 2886 2, 2126 1, 3221 1, 2129 1, 1181 2, 3609 1, 2113 1, 2462 1, 2438 1, 2463 1| 75ƒROLLER HANDLE PARTS     , 2166 1, 2419 1, 2650 1, 1548 3, 3662 1| 79ƒPRO PARTS               , 3642 1, 3981 1, 3975 1, 3643 1, 3657 1, 4193 1, 1087 1, 1729 1, 2074 1, 2093 2, 2429 1, 3707 1, 3064 1, 3127 1
 27ƒPRO 9MM DIE SET         , 2151 1, 2153 3, 2155 1, 2280 1, 2413 1, 2404 1, 2363 1, 1684 1, 2167 1, 2365 1, 2481 1| 39ƒPRO CARRIER PARTS SMALL , 3057 1, 2432 1, 2434 1, 2442 2, 2431 1, 2433 1, 2435 1, 2439 1, 2437 1, 2446 1| 40ƒPRO CARRIER PARTS 2     , 2368 3, 2164 1, 1770 2, 2479 1, 2443 4, 2117 1, 2139 1, 2448 2, 3095 1, 2495 1, 2548 1, 2549 1, 2675 1, 1162 1, 1781 2| 41ƒPRO CASE FEEDER PARTS   , 1947 1, 2452 1, 2454 1, 2242 1, 2458 4, 2451 1, 2453 1, 2455 1, 2457 1, 1994 3, 2550 1, 1940 1, 3970 1| 36ƒPRO AUTO DISK PARTS     , 1688 1, 3398 1, 1171 1, 1210 1, 3285 1, 2658 1, 2949 1, 1173 1, 1172 1, 2307 1, 2310 1, 3407 2, 1449 1, 3405 1, 3396 1, 1509 1, 2749 1, 2112 1, 3397 2, 2311 1| 26ƒPRO 1000 PARTS          , 2853 2, 3613 1, 2114 1, 2115 1, 2886 2, 2126 1, 3221 1, 2129 1, 1181 2, 3609 1, 2113 1, 2462 1, 2438 1, 2463 1| 75ƒROLLER HANDLE PARTS     , 2166 1, 2419 1, 2650 1, 1548 3, 3662 1| 79ƒPRO PARTS               , 3642 1, 3981 1, 3975 1, 3643 1, 3657 1, 4193 1, 1087 1, 1729 1, 2074 1, 2093 2, 2429 1, 3707 1, 3064 1, 3127 1
 28ƒPRO 38 SPL DIE SET      , 2151 1, 2153 3, 2155 1, 2281 1, 2408 1, 2399 1, 2270 1, 2225 1, 2167 1, 2180 1| 39ƒPRO CARRIER PARTS SMALL , 3057 1, 2432 1, 2434 1, 2442 2, 2431 1, 2433 1, 2435 1, 2439 1, 2437 1, 2446 1| 40ƒPRO CARRIER PARTS 2     , 2368 3, 2164 1, 1770 2, 2479 1, 2443 4, 2117 1, 2139 1, 2448 2, 3095 1, 2495 1, 2548 1, 2549 1, 2675 1, 1162 1, 1781 2| 41ƒPRO CASE FEEDER PARTS   , 1947 1, 2452 1, 2454 1, 2242 1, 2458 4, 2451 1, 2453 1, 2455 1, 2457 1, 1994 3, 2550 1, 1940 1, 3970 1| 36ƒPRO AUTO DISK PARTS     , 1688 1, 3398 1, 1171 1, 1210 1, 3285 1, 2658 1, 2949 1, 1173 1, 1172 1, 2307 1, 2310 1, 3407 2, 1449 1, 3405 1, 3396 1, 1509 1, 2749 1, 2112 1, 3397 2, 2311 1| 26ƒPRO 1000 PARTS          , 2853 2, 3613 1, 2114 1, 2115 1, 2886 2, 2126 1, 3221 1, 2129 1, 1181 2, 3609 1, 2113 1, 2462 1, 2438 1, 2463 1| 75ƒROLLER HANDLE PARTS     , 2166 1, 2419 1, 2650 1, 1548 3, 3662 1| 79ƒPRO PARTS               , 3642 1, 3981 1, 3975 1, 3643 1, 3657 1, 4193 1, 1087 1, 1729 1, 2074 1, 2093 2, 2429 1, 3707 1, 3064 1, 3127 1
 29ƒPRO 357 DIE SET         , 2151 1, 2153 3, 2155 1, 2281 1, 2407 1, 2398 1, 2271 1, 2226 1, 2167 1, 2180 1| 39ƒPRO CARRIER PARTS SMALL , 3057 1, 2432 1, 2434 1, 2442 2, 2431 1, 2433 1, 2435 1, 2439 1, 2437 1, 2446 1| 40ƒPRO CARRIER PARTS 2     , 2368 3, 2164 1, 1770 2, 2479 1, 2443 4, 2117 1, 2139 1, 2448 2, 3095 1, 2495 1, 2548 1, 2549 1, 2675 1, 1162 1, 1781 2| 41ƒPRO CASE FEEDER PARTS   , 1947 1, 2452 1, 2454 1, 2242 1, 2458 4, 2451 1, 2453 1, 2455 1, 2457 1, 1994 3, 2550 1, 1940 1, 3970 1| 36ƒPRO AUTO DISK PARTS     , 1688 1, 3398 1, 1171 1, 1210 1, 3285 1, 2658 1, 2949 1, 1173 1, 1172 1, 2307 1, 2310 1, 3407 2, 1449 1, 3405 1, 3396 1, 1509 1, 2749 1, 2112 1, 3397 2, 2311 1| 26ƒPRO 1000 PARTS          , 2853 2, 3613 1, 2114 1, 2115 1, 2886 2, 2126 1, 3221 1, 2129 1, 1181 2, 3609 1, 2113 1, 2462 1, 2438 1, 2463 1| 75ƒROLLER HANDLE PARTS     , 2166 1, 2419 1, 2650 1, 1548 3, 3662 1| 79ƒPRO PARTS               , 3642 1, 3981 1, 3975 1, 3643 1, 3657 1, 4193 1, 1087 1, 1729 1, 2074 1, 2093 2, 2429 1, 3707 1, 3064 1, 3127 1
 30ƒ0                       
 31ƒPRO 45ACP DIE SET       , 2151 1, 2153 3, 2155 1, 2284 1, 2411 1, 2402 1, 2275 1, 2229 1, 2167 1, 2183 1| 42ƒPRO CARRIER PARTS LARGE , 3057 1, 2432 1, 2434 1, 2442 2, 2431 1, 2433 1, 2435 1, 2439 1, 2436 1, 2446 1| 40ƒPRO CARRIER PARTS 2     , 2368 3, 2164 1, 1770 2, 2479 1, 2443 4, 2117 1, 2139 1, 2448 2, 3095 1, 2495 1, 2548 1, 2549 1, 2675 1, 1162 1, 1781 2| 41ƒPRO CASE FEEDER PARTS   , 1947 1, 2452 1, 2454 1, 2242 1, 2458 4, 2451 1, 2453 1, 2455 1, 2457 1, 1994 3, 2550 1, 1940 1, 3970 1| 36ƒPRO AUTO DISK PARTS     , 1688 1, 3398 1, 1171 1, 1210 1, 3285 1, 2658 1, 2949 1, 1173 1, 1172 1, 2307 1, 2310 1, 3407 2, 1449 1, 3405 1, 3396 1, 1509 1, 2749 1, 2112 1, 3397 2, 2311 1| 26ƒPRO 1000 PARTS          , 2853 2, 3613 1, 2114 1, 2115 1, 2886 2, 2126 1, 3221 1, 2129 1, 1181 2, 3609 1, 2113 1, 2462 1, 2438 1, 2463 1| 75ƒROLLER HANDLE PARTS     , 2166 1, 2419 1, 2650 1, 1548 3, 3662 1| 79ƒPRO PARTS               , 3642 1, 3981 1, 3975 1, 3643 1, 3657 1, 4193 1, 1087 1, 1729 1, 2074 1, 2093 2, 2429 1, 3707 1, 3064 1, 3127 1
 32ƒPRO 45 COLT DIE SET     , 2276 1, 2285 1, 2153 3, 2167 1, 2181 1, 2412 1, 2230 1, 2151 1, 2155 1, 2403 1| 42ƒPRO CARRIER PARTS LARGE , 3057 1, 2432 1, 2434 1, 2442 2, 2431 1, 2433 1, 2435 1, 2439 1, 2436 1, 2446 1| 40ƒPRO CARRIER PARTS 2     , 2368 3, 2164 1, 1770 2, 2479 1, 2443 4, 2117 1, 2139 1, 2448 2, 3095 1, 2495 1, 2548 1, 2549 1, 2675 1, 1162 1, 1781 2| 41ƒPRO CASE FEEDER PARTS   , 1947 1, 2452 1, 2454 1, 2242 1, 2458 4, 2451 1, 2453 1, 2455 1, 2457 1, 1994 3, 2550 1, 1940 1, 3970 1| 36ƒPRO AUTO DISK PARTS     , 1688 1, 3398 1, 1171 1, 1210 1, 3285 1, 2658 1, 2949 1, 1173 1, 1172 1, 2307 1, 2310 1, 3407 2, 1449 1, 3405 1, 3396 1, 1509 1, 2749 1, 2112 1, 3397 2, 2311 1| 26ƒPRO 1000 PARTS          , 2853 2, 3613 1, 2114 1, 2115 1, 2886 2, 2126 1, 3221 1, 2129 1, 1181 2, 3609 1, 2113 1, 2462 1, 2438 1, 2463 1| 75ƒROLLER HANDLE PARTS     , 2166 1, 2419 1, 2650 1, 1548 3, 3662 1| 79ƒPRO PARTS               , 3642 1, 3981 1, 3975 1, 3643 1, 3657 1, 4193 1, 1087 1, 1729 1, 2074 1, 2093 2, 2429 1, 3707 1, 3064 1, 3127 1
 33ƒPRO 44 SPL DIE SET      , 2151 1, 2153 3, 2155 1, 2410 1, 2401 1, 2273 1, 2227 1, 2167 1, 2283 1, 2182 1| 42ƒPRO CARRIER PARTS LARGE , 3057 1, 2432 1, 2434 1, 2442 2, 2431 1, 2433 1, 2435 1, 2439 1, 2436 1, 2446 1| 40ƒPRO CARRIER PARTS 2     , 2368 3, 2164 1, 1770 2, 2479 1, 2443 4, 2117 1, 2139 1, 2448 2, 3095 1, 2495 1, 2548 1, 2549 1, 2675 1, 1162 1, 1781 2| 41ƒPRO CASE FEEDER PARTS   , 1947 1, 2452 1, 2454 1, 2242 1, 2458 4, 2451 1, 2453 1, 2455 1, 2457 1, 1994 3, 2550 1, 1940 1, 3970 1| 36ƒPRO AUTO DISK PARTS     , 1688 1, 3398 1, 1171 1, 1210 1, 3285 1, 2658 1, 2949 1, 1173 1, 1172 1, 2307 1, 2310 1, 3407 2, 1449 1, 3405 1, 3396 1, 1509 1, 2749 1, 2112 1, 3397 2, 2311 1| 26ƒPRO 1000 PARTS          , 2853 2, 3613 1, 2114 1, 2115 1, 2886 2, 2126 1, 3221 1, 2129 1, 1181 2, 3609 1, 2113 1, 2462 1, 2438 1, 2463 1| 75ƒROLLER HANDLE PARTS     , 2166 1, 2419 1, 2650 1, 1548 3, 3662 1| 79ƒPRO PARTS               , 3642 1, 3981 1, 3975 1, 3643 1, 3657 1, 4193 1, 1087 1, 1729 1, 2074 1, 2093 2, 2429 1, 3707 1, 3064 1, 3127 1
 34ƒPRO 41 MAG DIE SET      , 2151 1, 2155 1, 2415 1, 2272 1, 2468 1, 2167 1, 2467 1, 2153 3, 2282 1, 2406 1| 42ƒPRO CARRIER PARTS LARGE , 3057 1, 2432 1, 2434 1, 2442 2, 2431 1, 2433 1, 2435 1, 2439 1, 2436 1, 2446 1| 40ƒPRO CARRIER PARTS 2     , 2368 3, 2164 1, 1770 2, 2479 1, 2443 4, 2117 1, 2139 1, 2448 2, 3095 1, 2495 1, 2548 1, 2549 1, 2675 1, 1162 1, 1781 2| 41ƒPRO CASE FEEDER PARTS   , 1947 1, 2452 1, 2454 1, 2242 1, 2458 4, 2451 1, 2453 1, 2455 1, 2457 1, 1994 3, 2550 1, 1940 1, 3970 1| 36ƒPRO AUTO DISK PARTS     , 1688 1, 3398 1, 1171 1, 1210 1, 3285 1, 2658 1, 2949 1, 1173 1, 1172 1, 2307 1, 2310 1, 3407 2, 1449 1, 3405 1, 3396 1, 1509 1, 2749 1, 2112 1, 3397 2, 2311 1| 26ƒPRO 1000 PARTS          , 2853 2, 3613 1, 2114 1, 2115 1, 2886 2, 2126 1, 3221 1, 2129 1, 1181 2, 3609 1, 2113 1, 2462 1, 2438 1, 2463 1| 75ƒROLLER HANDLE PARTS     , 2166 1, 2419 1, 2650 1, 1548 3, 3662 1| 79ƒPRO PARTS               , 3642 1, 3981 1, 3975 1, 3643 1, 3657 1, 4193 1, 1087 1, 1729 1, 2074 1, 2093 2, 2429 1, 3707 1, 3064 1, 3127 1
 35ƒAUTO-DRUM PM            , 2111 1, 3343 1, 3257 1, 2974 1, 3041 1, 3059 1, 3062 1, 1643 1, 3093 1, 3405 1, 1449 1, 2949 1, 3025 1, 3866 1, 3281 1, 3310 1, 3970 1, 1652 1, 1653 1| 56ƒAUTO-DRUM PARTS 2       , 1688 1, 1646 1, 2112 1, 2153 1, 2993 1| 66ƒPRO CARRIER PARTS SMALL , 2432 1, 2434 1, 2442 2, 2431 1, 2433 1, 2435 1, 2439 1, 2437 1, 2446 1| 61ƒPRO CARRIER PARTS 2     , 2368 3, 2164 1, 1770 2, 2479 1, 2443 4, 2117 2, 2139 1, 2448 2, 3095 1, 2495 1, 2548 1, 2549 1, 2675 1, 1162 1, 1781 2| 45ƒPRO CASE FEEDER PARTS   , 1947 1, 2452 1, 2454 1, 2242 1, 2458 4, 2451 1, 2453 1, 2455 1, 2457 1, 1994 3, 2550 1, 1940 1| 80ƒPRO 1000 PARTS          , 2853 2, 3613 1, 2886 2, 2114 1, 2115 1, 4193 1, 2126 1, 3221 1, 2129 1, 1181 2, 3609 1, 2113 1, 2462 1, 2438 1, 2463 1, 3642 1| 68ƒPRO 1000 PARTS 2        , 2166 1, 2419 1, 2650 1, 1729 1, 3662 1, 3975 1, 1087 1, 3981 1, 3643 1, 2074 1, 2093 2, 3057 1, 1548 3, 2429 1, 3707 1, 3064 1, 3127 1
 36ƒPRO AUTO DISK PARTS     , 1688 1, 3398 1, 1171 1, 1210 1, 3285 1, 2658 1, 2949 1, 1173 1, 1172 1, 2307 1, 2310 1, 3407 2, 1449 1, 3405 1, 3396 1, 1509 1, 2749 1, 2112 1, 3397 2, 2311 1| 26ƒPRO 1000 PARTS          , 2853 2, 3613 1, 2114 1, 2115 1, 2886 2, 2126 1, 3221 1, 2129 1, 1181 2, 3609 1, 2113 1, 2462 1, 2438 1, 2463 1| 75ƒROLLER HANDLE PARTS     , 2166 1, 2419 1, 2650 1, 1548 3, 3662 1| 79ƒPRO PARTS               , 3642 1, 3981 1, 3975 1, 3643 1, 3657 1, 4193 1, 1087 1, 1729 1, 2074 1, 2093 2, 2429 1, 3707 1, 3064 1, 3127 1
 37ƒPRO 32S&W HR DIE SET    , 2151 1, 2153 3, 2155 1, 2510 1, 2505 1, 2504 1, 2506 1, 1641 1, 2167 1, 2501 1| 35ƒAUTO-DRUM PM            , 2111 1, 3343 1, 3257 1, 2974 1, 3041 1, 3059 1, 3062 1, 1643 1, 3093 1, 3405 1, 1449 1, 2949 1, 3025 1, 3866 1, 3281 1, 3310 1, 3970 1, 1652 1, 1653 1| 56ƒAUTO-DRUM PARTS 2       , 1688 1, 1646 1, 2112 1, 2153 1, 2993 1| 66ƒPRO CARRIER PARTS SMALL , 2432 1, 2434 1, 2442 2, 2431 1, 2433 1, 2435 1, 2439 1, 2437 1, 2446 1| 61ƒPRO CARRIER PARTS 2     , 2368 3, 2164 1, 1770 2, 2479 1, 2443 4, 2117 2, 2139 1, 2448 2, 3095 1, 2495 1, 2548 1, 2549 1, 2675 1, 1162 1, 1781 2| 45ƒPRO CASE FEEDER PARTS   , 1947 1, 2452 1, 2454 1, 2242 1, 2458 4, 2451 1, 2453 1, 2455 1, 2457 1, 1994 3, 2550 1, 1940 1| 80ƒPRO 1000 PARTS          , 2853 2, 3613 1, 2886 2, 2114 1, 2115 1, 4193 1, 2126 1, 3221 1, 2129 1, 1181 2, 3609 1, 2113 1, 2462 1, 2438 1, 2463 1, 3642 1| 68ƒPRO 1000 PARTS 2        , 2166 1, 2419 1, 2650 1, 1729 1, 3662 1, 3975 1, 1087 1, 3981 1, 3643 1, 2074 1, 2093 2, 3057 1, 1548 3, 2429 1, 3707 1, 3064 1, 3127 1
 38ƒPRO 223 DIE SET         , 2151 1, 2153 3, 2155 1, 2172 1, 2268 1, 3320 1, 1489 1, 3998 1, 2178 1, 2252 1, 1253 1| 35ƒAUTO-DRUM PM            , 2111 1, 3343 1, 3257 1, 2974 1, 3041 1, 3059 1, 3062 1, 1643 1, 3093 1, 3405 1, 1449 1, 2949 1, 3025 1, 3866 1, 3281 1, 3310 1, 3970 1, 1652 1, 1653 1| 56ƒAUTO-DRUM PARTS 2       , 1688 1, 1646 1, 2112 1, 2153 1, 2993 1| 66ƒPRO CARRIER PARTS SMALL , 2432 1, 2434 1, 2442 2, 2431 1, 2433 1, 2435 1, 2439 1, 2437 1, 2446 1| 61ƒPRO CARRIER PARTS 2     , 2368 3, 2164 1, 1770 2, 2479 1, 2443 4, 2117 2, 2139 1, 2448 2, 3095 1, 2495 1, 2548 1, 2549 1, 2675 1, 1162 1, 1781 2| 45ƒPRO CASE FEEDER PARTS   , 1947 1, 2452 1, 2454 1, 2242 1, 2458 4, 2451 1, 2453 1, 2455 1, 2457 1, 1994 3, 2550 1, 1940 1| 80ƒPRO 1000 PARTS          , 2853 2, 3613 1, 2886 2, 2114 1, 2115 1, 4193 1, 2126 1, 3221 1, 2129 1, 1181 2, 3609 1, 2113 1, 2462 1, 2438 1, 2463 1, 3642 1| 68ƒPRO 1000 PARTS 2        , 2166 1, 2419 1, 2650 1, 1729 1, 3662 1, 3975 1, 1087 1, 3981 1, 3643 1, 2074 1, 2093 2, 3057 1, 1548 3, 2429 1, 3707 1, 3064 1, 3127 1
 39ƒPRO CARRIER PARTS SMALL , 3057 1, 2432 1, 2434 1, 2442 2, 2431 1, 2433 1, 2435 1, 2439 1, 2437 1, 2446 1| 40ƒPRO CARRIER PARTS 2     , 2368 3, 2164 1, 1770 2, 2479 1, 2443 4, 2117 1, 2139 1, 2448 2, 3095 1, 2495 1, 2548 1, 2549 1, 2675 1, 1162 1, 1781 2| 41ƒPRO CASE FEEDER PARTS   , 1947 1, 2452 1, 2454 1, 2242 1, 2458 4, 2451 1, 2453 1, 2455 1, 2457 1, 1994 3, 2550 1, 1940 1, 3970 1| 36ƒPRO AUTO DISK PARTS     , 1688 1, 3398 1, 1171 1, 1210 1, 3285 1, 2658 1, 2949 1, 1173 1, 1172 1, 2307 1, 2310 1, 3407 2, 1449 1, 3405 1, 3396 1, 1509 1, 2749 1, 2112 1, 3397 2, 2311 1| 26ƒPRO 1000 PARTS          , 2853 2, 3613 1, 2114 1, 2115 1, 2886 2, 2126 1, 3221 1, 2129 1, 1181 2, 3609 1, 2113 1, 2462 1, 2438 1, 2463 1| 75ƒROLLER HANDLE PARTS     , 2166 1, 2419 1, 2650 1, 1548 3, 3662 1| 79ƒPRO PARTS               , 3642 1, 3981 1, 3975 1, 3643 1, 3657 1, 4193 1, 1087 1, 1729 1, 2074 1, 2093 2, 2429 1, 3707 1, 3064 1, 3127 1
 40ƒPRO CARRIER PARTS 2     , 2368 3, 2164 1, 1770 2, 2479 1, 2443 4, 2117 1, 2139 1, 2448 2, 3095 1, 2495 1, 2548 1, 2549 1, 2675 1, 1162 1, 1781 2| 41ƒPRO CASE FEEDER PARTS   , 1947 1, 2452 1, 2454 1, 2242 1, 2458 4, 2451 1, 2453 1, 2455 1, 2457 1, 1994 3, 2550 1, 1940 1, 3970 1| 36ƒPRO AUTO DISK PARTS     , 1688 1, 3398 1, 1171 1, 1210 1, 3285 1, 2658 1, 2949 1, 1173 1, 1172 1, 2307 1, 2310 1, 3407 2, 1449 1, 3405 1, 3396 1, 1509 1, 2749 1, 2112 1, 3397 2, 2311 1| 26ƒPRO 1000 PARTS          , 2853 2, 3613 1, 2114 1, 2115 1, 2886 2, 2126 1, 3221 1, 2129 1, 1181 2, 3609 1, 2113 1, 2462 1, 2438 1, 2463 1| 75ƒROLLER HANDLE PARTS     , 2166 1, 2419 1, 2650 1, 1548 3, 3662 1| 79ƒPRO PARTS               , 3642 1, 3981 1, 3975 1, 3643 1, 3657 1, 4193 1, 1087 1, 1729 1, 2074 1, 2093 2, 2429 1, 3707 1, 3064 1, 3127 1
 41ƒPRO CASE FEEDER PARTS   , 1947 1, 2452 1, 2454 1, 2242 1, 2458 4, 2451 1, 2453 1, 2455 1, 2457 1, 1994 3, 2550 1, 1940 1, 3970 1| 36ƒPRO AUTO DISK PARTS     , 1688 1, 3398 1, 1171 1, 1210 1, 3285 1, 2658 1, 2949 1, 1173 1, 1172 1, 2307 1, 2310 1, 3407 2, 1449 1, 3405 1, 3396 1, 1509 1, 2749 1, 2112 1, 3397 2, 2311 1| 26ƒPRO 1000 PARTS          , 2853 2, 3613 1, 2114 1, 2115 1, 2886 2, 2126 1, 3221 1, 2129 1, 1181 2, 3609 1, 2113 1, 2462 1, 2438 1, 2463 1| 75ƒROLLER HANDLE PARTS     , 2166 1, 2419 1, 2650 1, 1548 3, 3662 1| 79ƒPRO PARTS               , 3642 1, 3981 1, 3975 1, 3643 1, 3657 1, 4193 1, 1087 1, 1729 1, 2074 1, 2093 2, 2429 1, 3707 1, 3064 1, 3127 1
 42ƒPRO CARRIER PARTS LARGE , 3057 1, 2432 1, 2434 1, 2442 2, 2431 1, 2433 1, 2435 1, 2439 1, 2436 1, 2446 1| 40ƒPRO CARRIER PARTS 2     , 2368 3, 2164 1, 1770 2, 2479 1, 2443 4, 2117 1, 2139 1, 2448 2, 3095 1, 2495 1, 2548 1, 2549 1, 2675 1, 1162 1, 1781 2| 41ƒPRO CASE FEEDER PARTS   , 1947 1, 2452 1, 2454 1, 2242 1, 2458 4, 2451 1, 2453 1, 2455 1, 2457 1, 1994 3, 2550 1, 1940 1, 3970 1| 36ƒPRO AUTO DISK PARTS     , 1688 1, 3398 1, 1171 1, 1210 1, 3285 1, 2658 1, 2949 1, 1173 1, 1172 1, 2307 1, 2310 1, 3407 2, 1449 1, 3405 1, 3396 1, 1509 1, 2749 1, 2112 1, 3397 2, 2311 1| 26ƒPRO 1000 PARTS          , 2853 2, 3613 1, 2114 1, 2115 1, 2886 2, 2126 1, 3221 1, 2129 1, 1181 2, 3609 1, 2113 1, 2462 1, 2438 1, 2463 1| 75ƒROLLER HANDLE PARTS     , 2166 1, 2419 1, 2650 1, 1548 3, 3662 1| 79ƒPRO PARTS               , 3642 1, 3981 1, 3975 1, 3643 1, 3657 1, 4193 1, 1087 1, 1729 1, 2074 1, 2093 2, 2429 1, 3707 1, 3064 1, 3127 1
 43ƒPRO ADPM PARTS          , 3396 1, 2749 1, 3397 2, 1509 1, 2112 1, 3969 1, 3657 1, 2311 1, 3970 1, 3706 1
 44ƒPRO 4000 PARTS 1        , 2117 2, 2129 1, 3643 1, 1181 2, 2853 2, 2166 1, 2419 1, 3609 1, 2650 1, 3221 1, 2113 1, 3662 1, 3613 1, 3707 1, 3127 1, 3064 1, 3642 1, 1548 3| 49ƒPRO 4000 PARTS 2        , 3465 3, 3714 3, 3796 1, 2120 1, 2123 1, 2121 2, 1332 1, 2119 1, 2124 1, 2433 1, 2434 1, 2125 1, 1764 3, 2355 1, 2313 1, 2535 1, 2039 3, 4184 1, 2242 4, 2111 3| 51ƒBIN & BRACKET           , 1716 1, 1927 1, 1994 2, 1869 3, 1985 2, 4032 1
 45ƒPRO CASE FEEDER PARTS   , 1947 1, 2452 1, 2454 1, 2242 1, 2458 4, 2451 1, 2453 1, 2455 1, 2457 1, 1994 3, 2550 1, 1940 1| 80ƒPRO 1000 PARTS          , 2853 2, 3613 1, 2886 2, 2114 1, 2115 1, 4193 1, 2126 1, 3221 1, 2129 1, 1181 2, 3609 1, 2113 1, 2462 1, 2438 1, 2463 1, 3642 1| 68ƒPRO 1000 PARTS 2        , 2166 1, 2419 1, 2650 1, 1729 1, 3662 1, 3975 1, 1087 1, 3981 1, 3643 1, 2074 1, 2093 2, 3057 1, 1548 3, 2429 1, 3707 1, 3064 1, 3127 1
 46ƒBULLET FEEDER PARTS     , 3505 2, 3046 1, 1832 0, 1174 1, 3641 1, 3647 1
 47ƒPRO 20LB COMMON PARTS   , 3426 1, 3531 1, 3428 1, 3432 2, 3433 1, 3434 1, 1120 1, 3444 2, 3451 1, 3464 1, 3463 1, 1122 9, 3469 1, 1129 1, 1135 1, 1115 2, 1116 2, 3988 1, 2754 1, 3455 1
 48ƒSTRINGALONG POTS        , 1122 4, 4161 1| 47ƒPRO 20LB COMMON PARTS   , 3426 1, 3531 1, 3428 1, 3432 2, 3433 1, 3434 1, 1120 1, 3444 2, 3451 1, 3464 1, 3463 1, 1122 9, 3469 1, 1129 1, 1135 1, 1115 2, 1116 2, 3988 1, 2754 1, 3455 1
 49ƒPRO 4000 PARTS 2        , 3465 3, 3714 3, 3796 1, 2120 1, 2123 1, 2121 2, 1332 1, 2119 1, 2124 1, 2433 1, 2434 1, 2125 1, 1764 3, 2355 1, 2313 1, 2535 1, 2039 3, 4184 1, 2242 4, 2111 3| 51ƒBIN & BRACKET           , 1716 1, 1927 1, 1994 2, 1869 3, 1985 2, 4032 1
 50ƒCARRIER COMMON PARTS    , 2368 3, 2139 1, 2164 1, 2448 1, 1770 2, 3095 1, 2479 1, 2443 4, 2442 2, 2550 1, 3975 1, 2495 1, 1940 1, 2548 1, 2549 1, 3057 1, 2446 1, 1781 2
 51ƒBIN & BRACKET           , 1716 1, 1927 1, 1994 2, 1869 3, 1985 2, 4032 1
 52ƒ50 BEOWULF              , 1698 1
 53ƒ50 BMG KIT STRING       , 1773 1, 1714 1, 2913 1, 2195 1, 1806 1, 1528 2, 1796 1, 2035 1| 74ƒCLASSIC CAST STRING     , 2777 1, 3090 1, 2120 1, 2119 1, 2121 2, 2124 1, 2123 1, 3313 1, 1427 1, 2780 1, 2447 1, 2108 1, 3208 1, 3127 1, 2885 1, 2774 2, 3000 1, 3659 1, 2750 1
 54ƒLM ADPM & BIN PARTS     , 1210 1, 2307 1, 3398 1, 1173 1, 1171 3, 1172 1, 3405 1, 1449 1, 2298 1, 2310 1, 2658 1, 3407 2, 1646 1, 2949 1, 3285 1, 1927 1, 1985 2, 1716 1, 3095 1, 2311 1| 15ƒLMPROADPARTS            , 3396 1, 1509 1, 2749 1, 2112 1, 3397 2, 1528 1, 3057 1, 3970 1, 3657 1| 20ƒLOADMASTER PARTS 1      , 3241 1, 3242 1, 3243 1, 3244 1, 3335 1, 3246 4, 3259 1, 3248 4, 3265 4, 1526 1, 3224 1, 3226 1, 3223 1, 3225 1, 3260 1, 3232 2, 3236 1, 3238 1, 3231 1, 3649 1| 21ƒLOADMASTER PARTS 2      , 3239 1, 1851 1, 3263 4, 3256 1, 3229 2, 1371 5, 2115 1, 3261 1, 3208 1, 3235 1, 2447 1, 3262 1, 3230 1, 3233 1, 3237 1, 1994 1, 1528 1, 3336 1, 3043 1, 3228 1| 18ƒLOADMASTER PARTS 3      , 3070 1, 2451 1, 1362 1, 3951 1, 3942 1, 4027 2, 4026 1, 4028 4, 4032 1, 3560 1, 1711 1, 3952 1
 55ƒ LM LG CASE FEED PARTS  , 1947 1, 1770 1, 2453 1, 2456 1, 2457 1, 2458 4, 1994 3, 3290 1, 3328 4, 3258 1, 1688 1, 3227 1, 3057 1| 54ƒLM ADPM & BIN PARTS     , 1210 1, 2307 1, 3398 1, 1173 1, 1171 3, 1172 1, 3405 1, 1449 1, 2298 1, 2310 1, 2658 1, 3407 2, 1646 1, 2949 1, 3285 1, 1927 1, 1985 2, 1716 1, 3095 1, 2311 1| 15ƒLMPROADPARTS            , 3396 1, 1509 1, 2749 1, 2112 1, 3397 2, 1528 1, 3057 1, 3970 1, 3657 1| 20ƒLOADMASTER PARTS 1      , 3241 1, 3242 1, 3243 1, 3244 1, 3335 1, 3246 4, 3259 1, 3248 4, 3265 4, 1526 1, 3224 1, 3226 1, 3223 1, 3225 1, 3260 1, 3232 2, 3236 1, 3238 1, 3231 1, 3649 1| 21ƒLOADMASTER PARTS 2      , 3239 1, 1851 1, 3263 4, 3256 1, 3229 2, 1371 5, 2115 1, 3261 1, 3208 1, 3235 1, 2447 1, 3262 1, 3230 1, 3233 1, 3237 1, 1994 1, 1528 1, 3336 1, 3043 1, 3228 1| 18ƒLOADMASTER PARTS 3      , 3070 1, 2451 1, 1362 1, 3951 1, 3942 1, 4027 2, 4026 1, 4028 4, 4032 1, 3560 1, 1711 1, 3952 1
 56ƒAUTO-DRUM PARTS 2       , 1688 1, 1646 1, 2112 1, 2153 1, 2993 1| 66ƒPRO CARRIER PARTS SMALL , 2432 1, 2434 1, 2442 2, 2431 1, 2433 1, 2435 1, 2439 1, 2437 1, 2446 1| 61ƒPRO CARRIER PARTS 2     , 2368 3, 2164 1, 1770 2, 2479 1, 2443 4, 2117 2, 2139 1, 2448 2, 3095 1, 2495 1, 2548 1, 2549 1, 2675 1, 1162 1, 1781 2| 45ƒPRO CASE FEEDER PARTS   , 1947 1, 2452 1, 2454 1, 2242 1, 2458 4, 2451 1, 2453 1, 2455 1, 2457 1, 1994 3, 2550 1, 1940 1| 80ƒPRO 1000 PARTS          , 2853 2, 3613 1, 2886 2, 2114 1, 2115 1, 4193 1, 2126 1, 3221 1, 2129 1, 1181 2, 3609 1, 2113 1, 2462 1, 2438 1, 2463 1, 3642 1| 68ƒPRO 1000 PARTS 2        , 2166 1, 2419 1, 2650 1, 1729 1, 3662 1, 3975 1, 1087 1, 3981 1, 3643 1, 2074 1, 2093 2, 3057 1, 1548 3, 2429 1, 3707 1, 3064 1, 3127 1
 57ƒLM SM CASE FEED PARTS   , 1947 1, 2451 1, 2453 1, 2242 1, 2457 1, 2458 4, 1994 3, 3290 1, 3328 4, 3258 1, 3251 1, 1770 1, 3227 1, 3057 1, 1688 1| 54ƒLM ADPM & BIN PARTS     , 1210 1, 2307 1, 3398 1, 1173 1, 1171 3, 1172 1, 3405 1, 1449 1, 2298 1, 2310 1, 2658 1, 3407 2, 1646 1, 2949 1, 3285 1, 1927 1, 1985 2, 1716 1, 3095 1, 2311 1| 15ƒLMPROADPARTS            , 3396 1, 1509 1, 2749 1, 2112 1, 3397 2, 1528 1, 3057 1, 3970 1, 3657 1| 20ƒLOADMASTER PARTS 1      , 3241 1, 3242 1, 3243 1, 3244 1, 3335 1, 3246 4, 3259 1, 3248 4, 3265 4, 1526 1, 3224 1, 3226 1, 3223 1, 3225 1, 3260 1, 3232 2, 3236 1, 3238 1, 3231 1, 3649 1| 21ƒLOADMASTER PARTS 2      , 3239 1, 1851 1, 3263 4, 3256 1, 3229 2, 1371 5, 2115 1, 3261 1, 3208 1, 3235 1, 2447 1, 3262 1, 3230 1, 3233 1, 3237 1, 1994 1, 1528 1, 3336 1, 3043 1, 3228 1| 18ƒLOADMASTER PARTS 3      , 3070 1, 2451 1, 1362 1, 3951 1, 3942 1, 4027 2, 4026 1, 4028 4, 4032 1, 3560 1, 1711 1, 3952 1
 58ƒCLASSIC TP STRING #1    , 2124 1, 1245 1, 2460 3, 3087 1, 2774 2, 2885 1, 2777 1, 2780 1, 1371 2, 2888 2, 2889 2, 1388 1, 3020 1, 3000 1, 3064 1, 3128 1, 3088 1, 3090 1, 3127 1, 3313 1| 59ƒCLASSIC TP STRING #2    , 2067 1, 1427 1, 3208 1, 2657 1, 3525 1, 3974 1, 3659 1, 3665 3
 59ƒCLASSIC TP STRING #2    , 2067 1, 1427 1, 3208 1, 2657 1, 3525 1, 3974 1, 3659 1, 3665 3
 60ƒPERFECT PM PARTS        , 1541 1, 1638 1, 1640 1, 1642 1, 1643 1, 1645 1, 1646 1, 1649 1, 1704 1, 3054 1, 2112 2, 1901 1, 3010 2, 1703 1, 2155 1, 1940 2, 3364 2, 3639 1, 3965 1
 61ƒPRO CARRIER PARTS 2     , 2368 3, 2164 1, 1770 2, 2479 1, 2443 4, 2117 2, 2139 1, 2448 2, 3095 1, 2495 1, 2548 1, 2549 1, 2675 1, 1162 1, 1781 2| 45ƒPRO CASE FEEDER PARTS   , 1947 1, 2452 1, 2454 1, 2242 1, 2458 4, 2451 1, 2453 1, 2455 1, 2457 1, 1994 3, 2550 1, 1940 1| 80ƒPRO 1000 PARTS          , 2853 2, 3613 1, 2886 2, 2114 1, 2115 1, 4193 1, 2126 1, 3221 1, 2129 1, 1181 2, 3609 1, 2113 1, 2462 1, 2438 1, 2463 1, 3642 1| 68ƒPRO 1000 PARTS 2        , 2166 1, 2419 1, 2650 1, 1729 1, 3662 1, 3975 1, 1087 1, 3981 1, 3643 1, 2074 1, 2093 2, 3057 1, 1548 3, 2429 1, 3707 1, 3064 1, 3127 1
 62ƒPRO ADPM UPDATE KIT STRI, 2312 1, 3970 1, 3657 1
 63ƒ4 DIE SET STRING        , 3633 0, 3622 1
 64ƒT/P PARTS               , 2108 1, 3221 1, 2113 1, 1162 1, 2114 1, 2886 2, 2997 1, 3642 1, 3643 1, 1548 3, 3707 1, 3064 1, 3127 1, 3319 1, 1332 1, 3796 1| 65ƒT/P PARTS               , 2117 2, 2119 1, 2120 1, 2121 2, 2123 1, 2124 1, 2853 2, 2129 1, 1181 2, 2131 1, 3609 1, 2106 3, 2067 1| 90ƒTURRET PRESS            , 1087 1, 3662 1, 3613 1, 2166 1, 3308 3
 65ƒT/P PARTS               , 2117 2, 2119 1, 2120 1, 2121 2, 2123 1, 2124 1, 2853 2, 2129 1, 1181 2, 2131 1, 3609 1, 2106 3, 2067 1| 90ƒTURRET PRESS            , 1087 1, 3662 1, 3613 1, 2166 1, 3308 3
 66ƒPRO CARRIER PARTS SMALL , 2432 1, 2434 1, 2442 2, 2431 1, 2433 1, 2435 1, 2439 1, 2437 1, 2446 1| 61ƒPRO CARRIER PARTS 2     , 2368 3, 2164 1, 1770 2, 2479 1, 2443 4, 2117 2, 2139 1, 2448 2, 3095 1, 2495 1, 2548 1, 2549 1, 2675 1, 1162 1, 1781 2| 45ƒPRO CASE FEEDER PARTS   , 1947 1, 2452 1, 2454 1, 2242 1, 2458 4, 2451 1, 2453 1, 2455 1, 2457 1, 1994 3, 2550 1, 1940 1| 80ƒPRO 1000 PARTS          , 2853 2, 3613 1, 2886 2, 2114 1, 2115 1, 4193 1, 2126 1, 3221 1, 2129 1, 1181 2, 3609 1, 2113 1, 2462 1, 2438 1, 2463 1, 3642 1| 68ƒPRO 1000 PARTS 2        , 2166 1, 2419 1, 2650 1, 1729 1, 3662 1, 3975 1, 1087 1, 3981 1, 3643 1, 2074 1, 2093 2, 3057 1, 1548 3, 2429 1, 3707 1, 3064 1, 3127 1
 67ƒPT SHELL HOLDERS        , 1028 1, 1030 1, 3133 1, 1031 1, 1027 1, 1029 1, 1037 1, 1038 1
 68ƒPRO 1000 PARTS 2        , 2166 1, 2419 1, 2650 1, 1729 1, 3662 1, 3975 1, 1087 1, 3981 1, 3643 1, 2074 1, 2093 2, 3057 1, 1548 3, 2429 1, 3707 1, 3064 1, 3127 1
 69ƒ588 STRING              , 3609 1, 1764 1, 3615 1, 3614 1, 2153 1, 2119 1, 2120 1, 2121 2, 1181 2, 1468 1, 2123 1, 2124 1, 3600 1, 3650 1, 3643 1, 2023 1, 2250 1| 76ƒLVR CLAMP               , 3662 1, 3613 1
 70ƒLOAD STAND STRING       , 2185 1, 2186 1, 1927 1, 1716 1, 1997 1, 1828 3, 1003 1, 3032 6, 3953 1, 3994 1, 3954 1, 4032 1
 71ƒCHALL BREECH LK STRNG   , 3609 1, 1764 1, 3615 1, 3614 1, 2153 1, 2119 1, 2120 1, 2121 2, 1181 2, 3613 1, 1468 1, 2123 1, 2124 1, 3643 1| 72ƒCHALL BREECH LK STRNG #2, 3221 1, 2117 2, 3605 1, 3611 1, 2889 2, 1219 1, 1770 1, 2162 1, 3608 1, 2853 2, 2370 1, 3662 1, 3650 1| 98ƒVALUE TRIM              , 1002 1, 1708 1, 1808 1, 1739 1, 1869 1, 3687 1, 2949 1, 3989 1| 60ƒPERFECT PM PARTS        , 1541 1, 1638 1, 1640 1, 1642 1, 1643 1, 1645 1, 1646 1, 1649 1, 1704 1, 3054 1, 2112 2, 1901 1, 3010 2, 1703 1, 2155 1, 1940 2, 3364 2, 3639 1, 3965 1
 72ƒCHALL BREECH LK STRNG #2, 3221 1, 2117 2, 3605 1, 3611 1, 2889 2, 1219 1, 1770 1, 2162 1, 3608 1, 2853 2, 2370 1, 3662 1, 3650 1| 98ƒVALUE TRIM              , 1002 1, 1708 1, 1808 1, 1739 1, 1869 1, 3687 1, 2949 1, 3989 1| 60ƒPERFECT PM PARTS        , 1541 1, 1638 1, 1640 1, 1642 1, 1643 1, 1645 1, 1646 1, 1649 1, 1704 1, 3054 1, 2112 2, 1901 1, 3010 2, 1703 1, 2155 1, 1940 2, 3364 2, 3639 1, 3965 1
 73ƒ450 BUSHMASTER          , 3276 1, 1698 1
 74ƒCLASSIC CAST STRING     , 2777 1, 3090 1, 2120 1, 2119 1, 2121 2, 2124 1, 2123 1, 3313 1, 1427 1, 2780 1, 2447 1, 2108 1, 3208 1, 3127 1, 2885 1, 2774 2, 3000 1, 3659 1, 2750 1
 75ƒROLLER HANDLE PARTS     , 2166 1, 2419 1, 2650 1, 1548 3, 3662 1| 79ƒPRO PARTS               , 3642 1, 3981 1, 3975 1, 3643 1, 3657 1, 4193 1, 1087 1, 1729 1, 2074 1, 2093 2, 2429 1, 3707 1, 3064 1, 3127 1
 76ƒLVR CLAMP               , 3662 1, 3613 1
 77ƒHAND PRESS PARTS        , 3661 1, 3950 2
 78ƒOPEN                    
 79ƒPRO PARTS               , 3642 1, 3981 1, 3975 1, 3643 1, 3657 1, 4193 1, 1087 1, 1729 1, 2074 1, 2093 2, 2429 1, 3707 1, 3064 1, 3127 1
 80ƒPRO 1000 PARTS          , 2853 2, 3613 1, 2886 2, 2114 1, 2115 1, 4193 1, 2126 1, 3221 1, 2129 1, 1181 2, 3609 1, 2113 1, 2462 1, 2438 1, 2463 1, 3642 1| 68ƒPRO 1000 PARTS 2        , 2166 1, 2419 1, 2650 1, 1729 1, 3662 1, 3975 1, 1087 1, 3981 1, 3643 1, 2074 1, 2093 2, 3057 1, 1548 3, 2429 1, 3707 1, 3064 1, 3127 1
 81ƒSLUG MOLD               , 3973 1, 3984 1, 3985 1, 3342 1, 3265 1, 1124 1
 82ƒBM                      , 3648 2, 3651 1, 3652 1
 83ƒSPRUE                   , 3648 2, 3651 1, 3652 1
 84ƒBRCH LK CLASSIC         , 3993 1, 2777 1, 3090 1, 2120 1, 2119 1, 2121 2, 2124 1, 2123 1, 3313 1, 1427 1, 2780 1, 2447 1, 2108 1, 3208 1, 3127 1, 2885 1, 2774 2, 3000 1, 3659 1| 85ƒBRCH LCK CLASSIC 2      , 2750 1
 85ƒBRCH LCK CLASSIC 2      , 2750 1
 86ƒ6 CAV                   , 3977 1, 3978 1
 87ƒSINGLE CAV              , 4023 1, 4024 1
 88ƒHB MOLD                 , 4023 1, 4024 1, 3984 1, 3985 1, 3648 2, 3342 1, 3265 1
 89ƒ6 CAV SPRUE             
 90ƒTURRET PRESS            , 1087 1, 3662 1, 3613 1, 2166 1, 3308 3
 91ƒDBL SPRUE               , 1041 1
 92ƒ444 MARLIN FC DIE       , 3102 1, 3177 1
 93ƒ45/70 FC DIE            , 3102 1, 3178 1
 94ƒAUTO-DRUM               , 1688 1, 1646 1, 2112 1, 3456 0, 2153 1, 3563 1, 2993 1
 95ƒDLX PPM                 , 3257 1
 96ƒ380 AUTO FC             
 97ƒULTIMATE RIFLE DIES     , 2153 4, 3894 1, 3622 1, 2151 1, 3633 0, 2152 4, 2154 1, 2155 1, 2579 1, 2299 1
 98ƒVALUE TRIM              , 1002 1, 1708 1, 1808 1, 1739 1, 1869 1, 3687 1, 2949 1, 3989 1| 60ƒPERFECT PM PARTS        , 1541 1, 1638 1, 1640 1, 1642 1, 1643 1, 1645 1, 1646 1, 1649 1, 1704 1, 3054 1, 2112 2, 1901 1, 3010 2, 1703 1, 2155 1, 1940 2, 3364 2, 3639 1, 3965 1
 99ƒSM PRIMER LEVER/SLIDER  , 3251 1| 57ƒLM SM CASE FEED PARTS   , 1947 1, 2451 1, 2453 1, 2242 1, 2457 1, 2458 4, 1994 3, 3290 1, 3328 4, 3258 1, 3251 1, 1770 1, 3227 1, 3057 1, 1688 1| 54ƒLM ADPM & BIN PARTS     , 1210 1, 2307 1, 3398 1, 1173 1, 1171 3, 1172 1, 3405 1, 1449 1, 2298 1, 2310 1, 2658 1, 3407 2, 1646 1, 2949 1, 3285 1, 1927 1, 1985 2, 1716 1, 3095 1, 2311 1| 15ƒLMPROADPARTS            , 3396 1, 1509 1, 2749 1, 2112 1, 3397 2, 1528 1, 3057 1, 3970 1, 3657 1| 20ƒLOADMASTER PARTS 1      , 3241 1, 3242 1, 3243 1, 3244 1, 3335 1, 3246 4, 3259 1, 3248 4, 3265 4, 1526 1, 3224 1, 3226 1, 3223 1, 3225 1, 3260 1, 3232 2, 3236 1, 3238 1, 3231 1, 3649 1| 21ƒLOADMASTER PARTS 2      , 3239 1, 1851 1, 3263 4, 3256 1, 3229 2, 1371 5, 2115 1, 3261 1, 3208 1, 3235 1, 2447 1, 3262 1, 3230 1, 3233 1, 3237 1, 1994 1, 1528 1, 3336 1, 3043 1, 3228 1| 18ƒLOADMASTER PARTS 3      , 3070 1, 2451 1, 1362 1, 3951 1, 3942 1, 4027 2, 4026 1, 4028 4, 4032 1, 3560 1, 1711 1, 3952 1
